-0.178062284703
-1.25805152718
0.294493528531
0.521658107127
0.0144765431769
0.665529293741
1.21996041428
-0.277621221488
1.31733542352
0.646640358223
1.41940528896
-1.0072710425
-0.0969997323608
0.233646876849
-0.534911608145
-0.438231862004
0.481419518261
-2.04701773324
-0.407764024994
-1.25739128577
-1.41541561653
0.183054551441
-2.43639892896
0.566235744201
1.17605658839
0.173259053504
1.97637369266
-0.0113166600664
0.520710402769
2.61315543541
-0.105479734132
1.17664598471
1.89605797327
-0.154189699649
1.89096425452
-0.411203427482
-1.16683628195
0.367444760628
-0.908825671963
0.505805209893
-0.609117962944
-0.602708803942
-0.745698009062
0.272397993236
0.352049138069
-1.95297118741
-0.572912530184
-0.0649398399697
-0.622249316799
0.808230769604
-0.9547088363
-0.823637150044
0.380882809504
0.0613755226338
0.240803705747
0.502865409136
0.479735756179
0.304756664131
0.798536031264
0.840399345978
0.234721889118
-0.65824892664
1.68081451325
-1.03694275208
0.724621952491
0.286391421618
-1.50389692063
0.715895040234
-0.389118624216
0.157186905399
1.18802439328
0.814869567048
1.80692952081
0.821591241209
2.12850463655
0.957711777459
1.05641750482
0.81399819764
-0.464348559062
0.920545770756
-0.372225332988
0.805955048647
1.29748917728
0.844444821456
1.49310184685
2.87862554985
2.22460406387
2.84138598887
3.19264027309
1.5029241139
0.663301392013
1.31798437609
1.40652927871
0.843432902679
0.600956522421
1.74801693679
1.27241670082
-0.730065790613
0.139246428391
-0.627787584747
